
========================================
Analysis for Neuron_5021
========================================
   bin  count  avg_predicted_failure_prob  actual_failure_rate  calibration_error
0  0.0    122                    0.008617             0.836066           0.827449
1  0.1     18                    0.152422             0.777778           0.625356
2  0.2     29                    0.251105             0.724138           0.473033
3  0.3     29                    0.344828             0.689655           0.344828
4  0.4     44                    0.456876             0.727273           0.270396
5  0.5     38                    0.547233             0.710526           0.163293
6  0.6     28                    0.658425             0.785714           0.127289
7  0.7     39                    0.747535             0.846154           0.098619
8  0.8     27                    0.864198             0.703704           0.160494
9  0.9    126                    0.990028             0.769841           0.220187


========================================
Analysis for Neuron_10801
========================================
   bin  count  avg_predicted_failure_prob  actual_failure_rate  calibration_error
0  0.0    130                    0.010181             0.723077           0.712896
1  0.1     32                    0.154412             0.718750           0.564338
2  0.2     23                    0.240729             0.739130           0.498402
3  0.3     27                    0.343682             0.703704           0.360022
4  0.4     40                    0.452206             0.875000           0.422794
5  0.5     39                    0.568250             0.794872           0.226621
6  0.6     17                    0.647491             0.764706           0.117215
7  0.7     27                    0.738562             0.888889           0.150327
8  0.8     30                    0.845588             0.766667           0.078922
9  0.9    135                    0.985839             0.800000           0.185839


========================================
Analysis for Neuron_13995
========================================
   bin  count  avg_predicted_failure_prob  actual_failure_rate  calibration_error
0  0.0    122                    0.007712             0.827869           0.820157
1  0.1     27                    0.144057             0.629630           0.485572
2  0.2     25                    0.251282             0.720000           0.468718
3  0.3     32                    0.344675             0.781250           0.436575
4  0.4     33                    0.445162             0.818182           0.373020
5  0.5     30                    0.552926             0.833333           0.280408
6  0.6     33                    0.648078             0.696970           0.048891
7  0.7     37                    0.746415             0.756757           0.010342
8  0.8     25                    0.850099             0.680000           0.170099
9  0.9    136                    0.988456             0.779412           0.209044


========================================
Analysis for Neuron_12185
========================================
   bin  count  avg_predicted_failure_prob  actual_failure_rate  calibration_error
0  0.0    137                    0.012984             0.810219           0.797235
1  0.1     27                    0.151098             0.814815           0.663717
2  0.2     37                    0.253528             0.756757           0.503229
3  0.3     40                    0.349004             0.650000           0.300996
4  0.4     31                    0.446617             0.709677           0.263060
5  0.5     31                    0.538396             0.806452           0.268056
6  0.6     19                    0.658128             0.789474           0.131346
7  0.7     27                    0.748279             0.666667           0.081613
8  0.8     21                    0.854193             0.761905           0.092288
9  0.9    130                    0.986998             0.800000           0.186998


========================================
Analysis for Neuron_5253
========================================
   bin  count  avg_predicted_failure_prob  actual_failure_rate  calibration_error
0  0.0    500                         0.0                0.774              0.774


========================================
Analysis for Neuron_3355
========================================
   bin  count  avg_predicted_failure_prob  actual_failure_rate  calibration_error
0  0.0    176                    0.019294             0.732955           0.713660
1  0.1     43                    0.145958             0.790698           0.644740
2  0.2     33                    0.254494             0.666667           0.412173
3  0.3     36                    0.348736             0.888889           0.540153
4  0.4     29                    0.459765             0.862069           0.402304
5  0.5     28                    0.554209             0.607143           0.052934
6  0.6     15                    0.652228             0.866667           0.214438
7  0.7      8                    0.751999             0.875000           0.123001
8  0.8     14                    0.851932             0.857143           0.005210
9  0.9    118                    0.992521             0.813559           0.178962


========================================
Analysis for Neuron_786
========================================
   bin  count  avg_predicted_failure_prob  actual_failure_rate  calibration_error
0  0.0    144                    0.016220             0.777778           0.761558
1  0.1     47                    0.150870             0.765957           0.615087
2  0.2     36                    0.250777             0.777778           0.527001
3  0.3     33                    0.351558             0.727273           0.375715
4  0.4     39                    0.450242             0.794872           0.344630
5  0.5     21                    0.546454             0.809524           0.263070
6  0.6     22                    0.637635             0.772727           0.135092
7  0.7     23                    0.750076             0.826087           0.076011
8  0.8     16                    0.839161             0.687500           0.151661
9  0.9    119                    0.992713             0.773109           0.219604


========================================
Analysis for Neuron_12004
========================================
   bin  count  avg_predicted_failure_prob  actual_failure_rate  calibration_error
0  0.0    130                    0.012273             0.730769           0.718497
1  0.1     32                    0.162482             0.781250           0.618768
2  0.2     31                    0.254572             0.806452           0.551879
3  0.3     34                    0.359896             0.823529           0.463633
4  0.4     21                    0.455840             0.714286           0.258445
5  0.5     32                    0.553330             0.812500           0.259170
6  0.6     27                    0.649995             0.740741           0.090746
7  0.7     35                    0.752951             0.828571           0.075621
8  0.8     40                    0.850071             0.800000           0.050071
9  0.9    118                    0.991477             0.779661           0.211816


========================================
Analysis for Neuron_1674
========================================
   bin  count  avg_predicted_failure_prob  actual_failure_rate  calibration_error
0  0.0    149                    0.014508             0.691275           0.676767
1  0.1     37                    0.147456             0.729730           0.582273
2  0.2     44                    0.245321             0.818182           0.572861
3  0.3     29                    0.356491             0.827586           0.471095
4  0.4     28                    0.438025             0.821429           0.383403
5  0.5     28                    0.547269             0.785714           0.238445
6  0.6     24                    0.651348             0.791667           0.140319
7  0.7     26                    0.759050             0.807692           0.048643
8  0.8     22                    0.852273             0.818182           0.034091
9  0.9    113                    0.995575             0.831858           0.163717


========================================
Analysis for Neuron_7981
========================================
   bin  count  avg_predicted_failure_prob  actual_failure_rate  calibration_error
0  0.0    201                    0.010511             0.741294           0.730782
1  0.1     32                    0.149406             0.750000           0.600594
2  0.2     44                    0.255410             0.818182           0.562772
3  0.3     19                    0.359639             0.736842           0.377204
4  0.4     26                    0.451394             0.884615           0.433222
5  0.5     25                    0.554125             0.800000           0.245875
6  0.6     16                    0.635532             0.812500           0.176968
7  0.7     12                    0.746354             0.750000           0.003646
8  0.8     16                    0.848371             0.625000           0.223371
9  0.9    109                    0.996421             0.816514           0.179907


========================================
Analysis for Neuron_1050
========================================
   bin  count  avg_predicted_failure_prob  actual_failure_rate  calibration_error
0  0.0    130                    0.013831             0.730769           0.716938
1  0.1     34                    0.154665             0.823529           0.668864
2  0.2     34                    0.252463             0.764706           0.512243
3  0.3     30                    0.347291             0.766667           0.419376
4  0.4     32                    0.453741             0.718750           0.265009
5  0.5     36                    0.551793             0.777778           0.225985
6  0.6     26                    0.651288             0.769231           0.117942
7  0.7     25                    0.739901             0.600000           0.139901
8  0.8     29                    0.835740             0.862069           0.026329
9  0.9    124                    0.988499             0.838710           0.149789


========================================
Analysis for Neuron_3874
========================================
   bin  count  avg_predicted_failure_prob  actual_failure_rate  calibration_error
0  0.0    134                    0.012672             0.731343           0.718671
1  0.1     29                    0.144901             0.758621           0.613720
2  0.2     26                    0.248647             0.807692           0.559046
3  0.3     21                    0.355779             0.809524           0.453745
4  0.4     42                    0.448133             0.785714           0.337581
5  0.5     37                    0.539214             0.756757           0.217543
6  0.6     33                    0.649457             0.696970           0.047513
7  0.7     28                    0.757833             0.821429           0.063596
8  0.8     25                    0.844517             0.760000           0.084517
9  0.9    125                    0.988740             0.824000           0.164740


========================================
Analysis for Neuron_7938
========================================
   bin  count  avg_predicted_failure_prob  actual_failure_rate  calibration_error
0  0.0    500                         0.0                0.774              0.774


========================================
Analysis for Neuron_9692
========================================
   bin  count  avg_predicted_failure_prob  actual_failure_rate  calibration_error
0  0.0    122                    0.010758             0.819672           0.808914
1  0.1     25                    0.150000             0.760000           0.610000
2  0.2     41                    0.252795             0.780488           0.527693
3  0.3     34                    0.346201             0.735294           0.389093
4  0.4     30                    0.443056             0.733333           0.290278
5  0.5     34                    0.553615             0.794118           0.240502
6  0.6     30                    0.651389             0.933333           0.281944
7  0.7     21                    0.750992             0.714286           0.036706
8  0.8     36                    0.857639             0.777778           0.079861
9  0.9    127                    0.991962             0.716535           0.275427


========================================
Analysis for Neuron_13933
========================================
   bin  count  avg_predicted_failure_prob  actual_failure_rate  calibration_error
0  0.0    130                    0.010427             0.769231           0.758803
1  0.1     21                    0.151323             0.666667           0.515344
2  0.2     35                    0.239683             0.857143           0.617460
3  0.3     37                    0.333333             0.810811           0.477477
4  0.4     37                    0.448649             0.756757           0.308108
5  0.5     19                    0.546199             0.789474           0.243275
6  0.6     29                    0.632950             0.724138           0.091188
7  0.7     33                    0.741414             0.818182           0.076768
8  0.8     32                    0.849306             0.750000           0.099306
9  0.9    127                    0.988801             0.771654           0.217148


========================================
Analysis for Neuron_7129
========================================
   bin  count  avg_predicted_failure_prob  actual_failure_rate  calibration_error
0  0.0    154                    0.019244             0.805195           0.785950
1  0.1     46                    0.145059             0.760870           0.615810
2  0.2     55                    0.244959             0.800000           0.555041
3  0.3     34                    0.348128             0.676471           0.328342
4  0.4     26                    0.443357             0.692308           0.248951
5  0.5     27                    0.542761             0.703704           0.160943
6  0.6     13                    0.641958             0.615385           0.026573
7  0.7     12                    0.745455             0.750000           0.004545
8  0.8     19                    0.844976             0.894737           0.049761
9  0.9    114                    0.993780             0.789474           0.204306


========================================
Analysis for Neuron_1793
========================================
   bin  count  avg_predicted_failure_prob  actual_failure_rate  calibration_error
0  0.0    500                         0.0                0.774              0.774


========================================
Analysis for Neuron_8384
========================================
   bin  count  avg_predicted_failure_prob  actual_failure_rate  calibration_error
0  0.0    122                    0.009006             0.819672           0.810666
1  0.1     23                    0.153024             0.826087           0.673063
2  0.2     37                    0.241834             0.729730           0.487896
3  0.3     56                    0.329044             0.660714           0.331671
4  0.4     36                    0.449772             0.888889           0.439116
5  0.5     21                    0.552895             0.809524           0.256629
6  0.6     40                    0.657356             0.725000           0.067644
7  0.7     21                    0.760397             0.857143           0.096746
8  0.8     19                    0.851220             0.684211           0.167010
9  0.9    125                    0.987337             0.760000           0.227337


========================================
Analysis for Neuron_102
========================================
   bin  count  avg_predicted_failure_prob  actual_failure_rate  calibration_error
0  0.0    130                    0.012034             0.807692           0.795659
1  0.1     31                    0.151439             0.709677           0.558238
2  0.2     36                    0.231870             0.805556           0.573686
3  0.3     43                    0.351205             0.860465           0.509261
4  0.4     24                    0.448728             0.708333           0.259606
5  0.5     34                    0.540419             0.676471           0.136051
6  0.6     30                    0.653194             0.766667           0.113473
7  0.7     21                    0.752495             0.619048           0.133447
8  0.8     25                    0.850898             0.800000           0.050898
9  0.9    126                    0.989759             0.777778           0.211981


========================================
AGGREGATE SUMMARY (Mean over all neurons)
========================================
   bin  avg_predicted_failure_prob  actual_failure_rate  calibration_error       count
0  0.0                    0.010541             0.772467           0.761926  196.473684
1  0.1                    0.150536             0.754004           0.603468   31.500000
2  0.2                    0.248092             0.773287           0.525196   35.375000
3  0.3                    0.348093             0.759292           0.411199   33.375000
4  0.4                    0.449473             0.780718           0.331245   32.375000
5  0.5                    0.549318             0.766743           0.217425   30.000000
6  0.6                    0.648528             0.765743           0.120536   25.125000
7  0.7                    0.749357             0.776619           0.076221   24.687500
8  0.8                    0.849386             0.764306           0.095243   24.750000
9  0.9                    0.990557             0.790132           0.200425  123.250000

